11011;10000
11129;500
11132;500
11134;500
11172;2500
11174;2500
11176;2500
11178;2500
11182;2500
11184;2500
11186;2500
11188;2500
11190;2500
11192;2500
11194;2500
11196;2500
11198;2500
11200;2500
11202;2500
11285;8
11365;2500
11371;2500
11377;2500
11379;2500
11381;2500
11387;2500
11393;2500
11400;2500
11476;15
11486;15
11567;10000000
11855;0.5
11936;50000
11938;50000
11940;2500
11942;2500
11957;10000
11959;10000
11961;10000
11963;10000
11965;10000
11969;10000
11971;10000
11987;10000
11989;10000
11993;10000
11995;10000
11999;10000
12003;10000
12011;10000
12015;10000
12017;10000
12019;10000
12021;10000
12023;10000
12032;2500
12034;2500
12042;2500
12044;2500
1223;16
1224;0.3
1225;16
1226;2
1227;0.6
1228;0.15
1229;5
1230;0.1
1231;3
12608;0.005
12612;0.005
12614;0.005
12620;0.005
12625;0.005
12729;20000
12731;20000
12733;20000
12735;20000
12743;20000
12745;20000
12747;20000
12753;20000
12789;0.025
12791;0.05
13202;50000
16227;15000
16229;15000
16231;15000
16233;15000
16236;5000
16238;5000
16240;5000
16242;5000
16272;0.4
16273;0.4
16274;0.15
16275;3
16633;0.2
16634;0.2
16635;0.2
16636;0.2
16639;0.4
16640;0.4
16641;0.6
16643;0.4
16644;1
16646;0.8
16647;0.8
16648;0.8
16650;1
16651;1
16670;0.05
16671;0.05
16672;0.05
16673;0.05
16678;0.075
16679;0.15
16682;0.6
16683;1
17392;6
17436;8
17440;3
17441;3
17445;3
17449;2
17452;1.2
17453;1.2
17455;0.35
17456;0.35
17459;0.3
17460;0.3
17463;0.15
17464;0.15
17470;0.1
17471;0.1
17476;3750
17478;3750
17480;3750
17619;2500
17634;10000
17636;50000
17703;2500
17709;10000
17715;10000
17718;10000
17720;10000
17722;10000
17726;50000
17728;50000
17732;50000
17736;50000
17738;50000
17740;50000
17812;2500
17841;2500
17843;10000
17867;0.6
17868;0.6
17887;0.15
17888;0.15
17889;0.15
17898;2
17918;50000
17920;50000
17922;10000
17924;2500
17926;2500
17928;2500
17930;2500
17932;2500
18;0.35
184;0.00425
185;0.005
19;16
1944;20000
19720;1000000
19722;1000000
19724;1000000
19726;1000000
19744;20000
20;1.2
2006;10000
20125;10000
20183;1000000
20185;1000000
20187;1000000
20189;1000000
202;0.05
203;0.05
204;0.05
205;0.05
206;0.03
207;0.03
2073;0.01
2078;2500
208;0.03
209;0.03
21;3
210;0.015
21097;500
211;0.015
212;0.015
213;0.015
215;0.005
216;0.005
2161;2500
21628;500
217;0.005
22;16
222;0.005
22428;50000
22430;50000
22436;50000
22440;50000
22442;15000
22444;15000
22446;15000
22448;15000
22452;5000
22460;5000
22464;5000
22466;15000
22468;15000
22470;15000
22474;15000
22544;3750
22546;3750
22548;3750
2267;0.01
2268;0.1
2270;0.01
2272;0.1
22852;1000000
2286;0.01
2287;0.1
2288;0.1
230;0.025
23025;0.025
2305;0.01
23057;5000
2306;0.01
2307;0.01
2308;0.01
2309;0.01
2310;0.01
2311;0.01
2329;1.5
2348;6
2349;6
2367;6
237;0.05
23757;1000000
23773;10000000
238;0.05
23911;1000000
23913;1000000
23915;1000000
23917;1000000
23919;1000000
2393;0.38
2395;0.38
2396;0.38
2399;0.38
2400;0.38
2401;0.38
24427;5
24471;0.005
24483;1000000
24493;0.015
24495;0.015
2463;1.5
24688;50000
24690;50000
24692;50000
24694;50000
24696;15000
24698;15000
24700;15000
24702;15000
25594;0.01
2629;0.03
266;0.005
2679;0.015
26840;50000
26842;50000
27920;75
2834;2500
28352;1000000
2836;10000
28408;750
28606;500000
2863;20000
28659;50000
28661;50000
28665;50000
28710;50000
28844;1000000
28846;1000000
28848;1000000
28850;1000000
28974;6
29248;2500
29266;500
29336;10000
29337;10000
29340;10000
29344;10000
2998;20000
29984;10000
29986;5000
29988;5000
29990;5000
30248;0.01
30377;10
30842;500
32207;2500
32209;10000
32305;50000
32307;50000
32309;50000
32311;50000
32788;2500
32790;10000
32811;20000
32840;5000
32842;5000
32844;5000
32846;5000
32848;5000
32872;5000
32874;5000
32876;5000
32878;5000
32880;2500
32983;2500
32985;2500
32987;2500
32989;2500
33079;2500
33081;2500
33083;2500
33099;5000
33151;15000
33153;15000
33155;15000
33157;15000
33190;2500
33360;1
33818;10000
34;0.01
35;0.01
3514;1000000
3516;2500
3518;10000
3532;2500
3573;4000
36;0.01
3645;0.25
3683;1
3685;1
3687;1
3689;1
37;0.01
3721;5
3756;15000
3764;10000000
3766;2500
38;0.01
3828;4
3841;20
39;0.01
40;0.01
4005;50000
4051;5
4246;5
4247;5
4302;15000
4306;15000
4308;15000
4310;15000
4312;5
4363;20000
4388;20000
44;1
582;2500
583;2500
5839;5
584;2500
585;2500
586;2500
587;2500
588;2500
589;2500
590;2500
591;2500
592;2500
593;2500
594;2500
596;2500
597;2500
598;2500
599;2500
601;2500
602;2500
603;2500
605;2500
606;2500
607;2500
608;2500
609;2500
617;2500
620;10000
621;10000
622;10000
623;10000
624;10000
625;10000
626;10000
627;10000
628;10000
629;10000
630;10000
631;10000
632;10000
633;10000
634;10000
638;50000
639;50000
640;50000
641;50000
642;50000
643;50000
644;50000
645;50000
648;20000
649;20000
650;20000
651;20000
652;20000
653;20000
654;20000
655;20000
656;20000
657;20000
671;10000000
672;500
9828;0.5
9832;1.5
9834;2
9836;2
9846;2
9848;6
9850;0.2
17460;0.3
2508;0.1
2510;0.1
267;0.1
2506;0.1
27359;0.1
27351;0.1
27339;0.1
27345;0.1
14343;4000
21740;0.05
27447;0.03
27453;0.03
27435;0.03
27441;0.03
27413;0.015
20307;0.015
27387;0.015
27381;0.015
27361;0.015
27371;0.015
27429;0.05
27423;0.05
27377;0.05
27395;0.05
9840;2